PatientID|PredictedProbability|PredictedBinary
1|0.16147|0
2|0.194846|0
3|0.166847|0
4|0.206208|0
5|0.169065|0
6|0.212076|1
7|0.182105|0
8|0.20485|0
9|0.143329|0
10|0.191224|0
11|0.184669|0
12|0.180071|0
13|0.150624|0
14|0.215293|1
15|0.205848|0
16|0.251462|1
17|0.181511|0
18|0.20943|1
19|0.238438|1
20|0.136805|0
21|0.198252|0
22|0.351698|1
23|0.209322|1
24|0.15223|0
25|0.14357|0
26|0.309329|1
27|0.126105|0
28|0.205536|0
29|0.183714|0
30|0.515295|1
31|0.179907|0
32|0.162915|0
33|0.18096|0
34|0.176704|0
35|0.167784|0
36|0.154858|0
37|0.209486|1
38|0.361256|1
39|0.201923|0
40|0.174292|0
41|0.188887|0
42|0.156144|0
43|0.206456|0
44|0.183477|0
45|0.174326|0
46|0.203658|0
47|0.171559|0
48|0.293141|1
49|0.182553|0
50|0.249996|1
51|0.183271|0
52|0.176397|0
53|0.165954|0
54|0.196807|0
55|0.281903|1
56|0.199922|0
57|0.167603|0
58|0.198738|0
59|0.141065|0
60|0.186499|0
61|0.163695|0
62|0.214208|1
63|0.202657|0
64|0.139187|0
65|0.229836|1
66|0.202086|0
67|0.171234|0
68|0.178387|0
69|0.161321|0
70|0.193993|0
71|0.189168|0
72|0.215345|1
73|0.155587|0
74|0.209843|1
75|0.153935|0
76|0.187454|0
77|0.13587|0
78|0.156229|0
79|0.166438|0
80|0.237986|1
81|0.236414|1
82|0.195159|0
83|0.162209|0
84|0.189914|0
85|0.383292|1
86|0.202312|0
87|0.181887|0
88|0.271456|1
89|0.132807|0
90|0.170701|0
91|0.210221|1
92|0.177245|0
93|0.282275|1
94|0.448651|1
95|0.299335|1
96|0.19161|0
97|0.174431|0
98|0.134131|0
99|0.156616|0
100|0.17219|0
101|0.188216|0
102|0.159411|0
103|0.1973|0
104|0.513722|1
105|0.150568|0
106|0.275884|1
107|0.348375|1
108|0.212953|1
109|0.179755|0
110|0.147906|0
111|0.191856|0
112|0.154611|0
113|0.160576|0
114|0.216205|1
115|0.271133|1
116|0.191374|0
117|0.180258|0
118|0.279988|1
119|0.139161|0
120|0.473253|1
121|0.161392|0
122|0.211605|1
123|0.118683|0
124|0.192847|0
125|0.272157|1
126|0.155417|0
127|0.212907|1
128|0.200227|0
129|0.212211|1
130|0.200377|0
131|0.15614|0
132|0.207093|1
133|0.265779|1
134|0.169996|0
135|0.212356|1
136|0.112239|0
137|0.208569|1
138|0.228506|1
139|0.211687|1
140|0.245934|1
141|0.19311|0
142|0.275901|1
143|0.203842|0
144|0.180901|0
145|0.179387|0
146|0.194304|0
147|0.172273|0
148|0.144255|0
149|0.17117|0
150|0.224185|1
151|0.344529|1
152|0.233828|1
153|0.1549|0
154|0.138843|0
155|0.179962|0
156|0.258218|1
157|0.160227|0
158|0.208821|1
159|0.184657|0
160|0.205816|0
161|0.20588|0
162|0.216407|1
163|0.313089|1
164|0.256673|1
165|0.225552|1
166|0.317815|1
167|0.17708|0
168|0.216845|1
169|0.17353|0
170|0.191888|0
171|0.405597|1
172|0.286559|1
173|0.26494|1
174|0.201466|0
175|0.308614|1
176|0.215659|1
177|0.242896|1
178|0.215577|1
179|0.220427|1
180|0.258303|1
181|0.168612|0
182|0.173979|0
183|0.239278|1
184|0.158954|0
185|0.170824|0
186|0.161326|0
187|0.21066|1
188|0.202988|0
189|0.12705|0
190|0.152647|0
191|0.209694|1
192|0.538776|1
193|0.220291|1
194|0.182635|0
195|0.17885|0
196|0.169651|0
197|0.208178|1
198|0.194058|0
199|0.216742|1
200|0.229978|1
201|0.172814|0
202|0.266663|1
203|0.159009|0
204|0.190601|0
205|0.591948|1
206|0.127979|0
207|0.183819|0
208|0.190599|0
209|0.212609|1
210|0.210492|1
211|0.206135|0
212|0.126948|0
213|0.190933|0
214|0.193024|0
215|0.190033|0
216|0.267193|1
217|0.210845|1
218|0.355758|1
219|0.151437|0
220|0.387244|1
221|0.170414|0
222|0.387088|1
223|0.217751|1
224|0.187527|0
225|0.148003|0
226|0.16492|0
227|0.26362|1
228|0.236339|1
229|0.422506|1
230|0.227507|1
231|0.250097|1
232|0.148584|0
233|0.167128|0
234|0.154752|0
235|0.269447|1
236|0.151572|0
237|0.268829|1
238|0.171341|0
239|0.186541|0
240|0.210625|1
241|0.237059|1
242|0.174407|0
243|0.174787|0
244|0.189481|0
245|0.211592|1
246|0.176885|0
247|0.186132|0
248|0.225821|1
249|0.136266|0
250|0.256762|1
251|0.491658|1
252|0.243333|1
253|0.131105|0
254|0.201036|0
255|0.174189|0
256|0.12029|0
257|0.251375|1
258|0.446947|1
259|0.200815|0
260|0.238075|1
261|0.242352|1
262|0.21503|1
263|0.211881|1
264|0.216394|1
265|0.22842|1
266|0.195434|0
267|0.168077|0
268|0.238301|1
269|0.181112|0
270|0.164461|0
271|0.155021|0
272|0.210584|1
273|0.134365|0
274|0.169943|0
275|0.211592|1
276|0.170243|0
277|0.247832|1
278|0.196721|0
279|0.209841|1
280|0.176539|0
281|0.188419|0
282|0.203991|0
283|0.184045|0
284|0.247227|1
285|0.1625|0
286|0.238084|1
287|0.17039|0
288|0.19089|0
289|0.180041|0
290|0.165386|0
291|0.212563|1
292|0.196427|0
293|0.178065|0
294|0.16641|0
295|0.178049|0
296|0.151638|0
297|0.255646|1
298|0.173703|0
299|0.231632|1
300|0.179399|0
301|0.21258|1
302|0.172089|0
303|0.176013|0
304|0.153647|0
305|0.187725|0
306|0.25413|1
307|0.159216|0
308|0.188947|0
309|0.329954|1
310|0.168919|0
311|0.234684|1
312|0.228701|1
313|0.216985|1
314|0.21366|1
315|0.393349|1
316|0.188635|0
317|0.21496|1
318|0.156699|0
319|0.245658|1
320|0.18883|0
321|0.154712|0
322|0.146912|0
323|0.156841|0
324|0.198159|0
325|0.195776|0
326|0.178018|0
327|0.459198|1
328|0.157833|0
329|0.192417|0
330|0.316571|1
331|0.203627|0
332|0.185414|0
333|0.171764|0
334|0.241727|1
335|0.233033|1
336|0.151802|0
337|0.38593|1
338|0.129734|0
339|0.172573|0
340|0.149727|0
341|0.199932|0
342|0.144991|0
343|0.307236|1
344|0.244346|1
345|0.261162|1
346|0.196661|0
347|0.226131|1
348|0.190117|0
349|0.219876|1
350|0.178175|0
351|0.197885|0
352|0.191353|0
353|0.189471|0
354|0.188271|0
355|0.250843|1
356|0.193085|0
357|0.235156|1
358|0.203033|0
359|0.177404|0
360|0.162012|0
361|0.168652|0
362|0.567892|1
363|0.263723|1
364|0.266438|1
365|0.221843|1
366|0.205476|0
367|0.267903|1
368|0.189163|0
369|0.175026|0
370|0.240415|1
371|0.284959|1
372|0.406458|1
373|0.173517|0
374|0.204809|0
375|0.209946|1
376|0.165557|0
377|0.178008|0
378|0.206303|0
379|0.200977|0
380|0.224796|1
381|0.262912|1
382|0.186618|0
383|0.168663|0
384|0.124229|0
385|0.166893|0
386|0.151733|0
387|0.153696|0
388|0.157527|0
389|0.192286|0
390|0.178658|0
391|0.210071|1
392|0.185292|0
393|0.13694|0
394|0.51828|1
395|0.264538|1
396|0.436623|1
397|0.205313|0
398|0.186003|0
399|0.139401|0
400|0.153251|0
401|0.210549|1
402|0.207997|1
403|0.197096|0
404|0.165628|0
405|0.238537|1
406|0.256206|1
407|0.147635|0
408|0.147249|0
409|0.178481|0
410|0.220927|1
411|0.143566|0
412|0.401828|1
413|0.496962|1
414|0.265094|1
415|0.170916|0
416|0.279186|1
417|0.178132|0
418|0.503492|1
419|0.213739|1
420|0.122946|0
421|0.135114|0
422|0.191277|0
423|0.222464|1
424|0.148759|0
425|0.120885|0
426|0.416334|1
427|0.147792|0
428|0.366764|1
429|0.314702|1
430|0.182751|0
431|0.232509|1
432|0.202005|0
433|0.168471|0
434|0.189127|0
435|0.201693|0
436|0.33456|1
437|0.176612|0
438|0.165277|0
439|0.165211|0
440|0.211543|1
441|0.247128|1
442|0.161366|0
443|0.137072|0
444|0.487781|1
445|0.178841|0
446|0.184805|0
447|0.223171|1
448|0.160969|0
449|0.374325|1
450|0.250546|1
451|0.163035|0
452|0.229193|1
453|0.160159|0
454|0.156983|0
455|0.233211|1
456|0.174898|0
457|0.206622|0
458|0.297851|1
459|0.235906|1
460|0.245649|1
461|0.179038|0
462|0.173419|0
463|0.562893|1
464|0.283634|1
465|0.173074|0
466|0.180303|0
467|0.183739|0
468|0.236457|1
469|0.185113|0
470|0.196736|0
471|0.158836|0
472|0.146909|0
473|0.173958|0
474|0.158072|0
475|0.452824|1
476|0.284706|1
477|0.191834|0
478|0.123561|0
479|0.189539|0
480|0.143127|0
481|0.218657|1
482|0.176791|0
483|0.197503|0
484|0.288642|1
485|0.257203|1
486|0.171532|0
487|0.187655|0
488|0.271603|1
489|0.173587|0
490|0.164979|0
491|0.200595|0
492|0.12909|0
493|0.227579|1
494|0.143055|0
495|0.195031|0
496|0.212394|1
497|0.278533|1
498|0.267488|1
499|0.210233|1
500|0.212718|1
501|0.31699|1
502|0.146554|0
503|0.214242|1
504|0.21024|1
505|0.164192|0
506|0.159698|0
507|0.211461|1
508|0.310895|1
509|0.150114|0
510|0.234376|1
511|0.169312|0
512|0.171817|0
513|0.222581|1
514|0.206095|0
515|0.463771|1
516|0.194682|0
517|0.156716|0
518|0.149179|0
519|0.145885|0
520|0.170884|0
521|0.129218|0
522|0.139038|0
523|0.170851|0
524|0.156835|0
525|0.241758|1
526|0.175447|0
527|0.284302|1
528|0.226851|1
529|0.244655|1
530|0.133869|0
531|0.240047|1
532|0.212648|1
533|0.219818|1
534|0.182064|0
535|0.167132|0
536|0.269001|1
537|0.307936|1
538|0.159923|0
539|0.188371|0
540|0.269479|1
541|0.597511|1
542|0.268669|1
543|0.177925|0
544|0.250202|1
545|0.143278|0
546|0.170006|0
547|0.179281|0
548|0.166995|0
549|0.172397|0
550|0.196862|0
551|0.171476|0
552|0.228994|1
553|0.20583|0
554|0.23681|1
555|0.148196|0
556|0.157759|0
557|0.206423|0
558|0.255775|1
559|0.171942|0
560|0.141363|0
561|0.198507|0
562|0.148332|0
563|0.154944|0
564|0.180359|0
565|0.129706|0
566|0.237619|1
567|0.18309|0
568|0.157368|0
569|0.186391|0
570|0.226598|1
571|0.174467|0
572|0.162445|0
573|0.22214|1
574|0.182326|0
575|0.211333|1
576|0.345259|1
577|0.193877|0
578|0.199749|0
579|0.191464|0
580|0.123146|0
581|0.127398|0
582|0.272566|1
583|0.284675|1
584|0.158408|0
585|0.149375|0
586|0.175098|0
587|0.160999|0
588|0.161236|0
589|0.147238|0
590|0.183774|0
591|0.153849|0
592|0.169908|0
593|0.179287|0
594|0.189731|0
595|0.154694|0
596|0.263219|1
597|0.219431|1
598|0.184796|0
599|0.453171|1
600|0.147167|0
601|0.168063|0
602|0.166594|0
603|0.179843|0
604|0.162087|0
605|0.149079|0
606|0.102763|0
607|0.250196|1
608|0.316012|1
609|0.158417|0
610|0.231936|1
611|0.146672|0
612|0.286573|1
613|0.246838|1
614|0.194918|0
615|0.213952|1
616|0.169579|0
617|0.227723|1
618|0.142908|0
619|0.205227|0
620|0.223956|1
621|0.237166|1
622|0.19049|0
623|0.25362|1
624|0.130774|0
625|0.190065|0
626|0.166542|0
627|0.218635|1
628|0.214064|1
629|0.256045|1
630|0.186323|0
631|0.244051|1
632|0.224286|1
633|0.19416|0
634|0.233248|1
635|0.163846|0
636|0.143062|0
637|0.172049|0
638|0.23362|1
639|0.430171|1
640|0.173991|0
641|0.219736|1
642|0.189202|0
643|0.230377|1
644|0.176686|0
645|0.134452|0
646|0.180608|0
647|0.214023|1
648|0.158906|0
649|0.182145|0
650|0.369918|1
651|0.22649|1
652|0.189846|0
653|0.177731|0
654|0.191541|0
655|0.274295|1
656|0.172179|0
657|0.186358|0
658|0.211264|1
659|0.134246|0
660|0.200006|0
661|0.156049|0
662|0.43696|1
663|0.164895|0
664|0.168536|0
665|0.161707|0
666|0.21757|1
667|0.195869|0
668|0.411272|1
669|0.182652|0
670|0.202174|0
671|0.205241|0
672|0.200083|0
673|0.284027|1
674|0.182326|0
675|0.145634|0
676|0.229642|1
677|0.2247|1
678|0.216048|1
679|0.200927|0
680|0.124364|0
681|0.229745|1
682|0.149275|0
683|0.449708|1
684|0.200302|0
685|0.252111|1
686|0.217057|1
687|0.199621|0
688|0.25201|1
689|0.259948|1
690|0.148104|0
691|0.190542|0
692|0.18178|0
693|0.263006|1
694|0.241877|1
695|0.259765|1
696|0.176972|0
697|0.417807|1
698|0.184703|0
699|0.170833|0
700|0.181253|0
701|0.185273|0
702|0.198589|0
703|0.175365|0
704|0.151118|0
705|0.244195|1
706|0.175045|0
707|0.180633|0
708|0.188186|0
709|0.177157|0
710|0.167905|0
711|0.202318|0
712|0.146269|0
713|0.314804|1
714|0.14276|0
715|0.230353|1
716|0.173008|0
717|0.235482|1
718|0.17183|0
719|0.342876|1
720|0.149284|0
721|0.194034|0
722|0.23726|1
723|0.255222|1
724|0.163034|0
725|0.202478|0
726|0.325431|1
727|0.152434|0
728|0.216661|1
729|0.13914|0
730|0.147616|0
731|0.293527|1
732|0.190246|0
733|0.553591|1
734|0.183671|0
735|0.172068|0
736|0.29082|1
737|0.19359|0
738|0.121614|0
739|0.558686|1
740|0.309696|1
741|0.248422|1
742|0.258638|1
743|0.208201|1
744|0.252133|1
745|0.189055|0
746|0.16425|0
747|0.16837|0
748|0.259444|1
749|0.167434|0
750|0.174104|0
751|0.138779|0
752|0.170361|0
753|0.491969|1
754|0.121673|0
755|0.172732|0
756|0.218888|1
757|0.129228|0
758|0.192039|0
759|0.145008|0
760|0.154765|0
761|0.200787|0
762|0.185737|0
763|0.205967|0
764|0.156692|0
765|0.188781|0
766|0.214945|1
767|0.160855|0
768|0.211181|1
769|0.182176|0
770|0.244836|1
771|0.181137|0
772|0.190446|0
773|0.44484|1
774|0.22456|1
775|0.166779|0
776|0.20529|0
777|0.222418|1
778|0.512699|1
779|0.246326|1
780|0.22306|1
781|0.216718|1
782|0.260325|1
783|0.123766|0
784|0.191112|0
785|0.365643|1
786|0.181436|0
787|0.238816|1
788|0.12828|0
789|0.473168|1
790|0.163416|0
791|0.140898|0
792|0.176854|0
793|0.211289|1
794|0.314089|1
795|0.216727|1
796|0.188341|0
797|0.178307|0
798|0.23272|1
799|0.210024|1
800|0.216986|1
801|0.261773|1
802|0.247476|1
803|0.443223|1
804|0.248718|1
805|0.267302|1
806|0.165439|0
807|0.216343|1
808|0.227659|1
809|0.191069|0
810|0.170901|0
811|0.161213|0
812|0.338626|1
813|0.17993|0
814|0.165724|0
815|0.153005|0
816|0.138259|0
817|0.506161|1
818|0.171579|0
819|0.165479|0
820|0.292553|1
821|0.227611|1
822|0.27045|1
823|0.246548|1
824|0.138681|0
825|0.178117|0
826|0.156132|0
827|0.199721|0
828|0.202731|0
829|0.314845|1
830|0.156361|0
831|0.139957|0
832|0.273159|1
833|0.140644|0
834|0.24975|1
835|0.243036|1
836|0.189415|0
837|0.189267|0
838|0.171615|0
839|0.151509|0
840|0.201205|0
841|0.198995|0
842|0.181733|0
843|0.258446|1
844|0.136713|0
845|0.157983|0
846|0.228214|1
847|0.236559|1
848|0.203007|0
849|0.204449|0
850|0.166839|0
851|0.199565|0
852|0.189553|0
853|0.222014|1
854|0.218035|1
855|0.210909|1
856|0.4757|1
857|0.195058|0
858|0.16793|0
859|0.175435|0
860|0.406603|1
861|0.193754|0
862|0.169833|0
863|0.162616|0
864|0.222494|1
865|0.152457|0
866|0.167437|0
867|0.152661|0
868|0.225568|1
869|0.282661|1
870|0.136776|0
871|0.267645|1
872|0.150397|0
873|0.246591|1
874|0.144371|0
875|0.173847|0
876|0.191231|0
877|0.21181|1
878|0.14988|0
879|0.257182|1
880|0.188416|0
881|0.153444|0
882|0.138339|0
883|0.17289|0
884|0.146509|0
885|0.161426|0
886|0.16234|0
887|0.251376|1
888|0.235652|1
889|0.221846|1
890|0.235465|1
891|0.181855|0
892|0.142729|0
893|0.210778|1
894|0.144932|0
895|0.158763|0
896|0.515941|1
897|0.301304|1
898|0.183409|0
899|0.23809|1
900|0.217647|1
901|0.222332|1
902|0.162561|0
903|0.170437|0
904|0.200014|0
905|0.186265|0
906|0.368533|1
907|0.165411|0
908|0.135402|0
909|0.175168|0
910|0.148341|0
911|0.214069|1
912|0.205345|0
913|0.154379|0
914|0.224123|1
915|0.134647|0
916|0.206311|0
917|0.222084|1
918|0.185906|0
919|0.181931|0
920|0.263227|1
921|0.197363|0
922|0.229808|1
923|0.454798|1
924|0.188564|0
925|0.146419|0
926|0.233641|1
927|0.271509|1
928|0.180468|0
929|0.215584|1
930|0.121443|0
931|0.165582|0
932|0.167802|0
933|0.270795|1
934|0.157771|0
935|0.16969|0
936|0.243317|1
937|0.249655|1
938|0.157098|0
939|0.136837|0
940|0.539584|1
941|0.183673|0
942|0.152994|0
943|0.129583|0
944|0.184447|0
945|0.234376|1
946|0.492897|1
947|0.184206|0
948|0.242381|1
949|0.169588|0
950|0.185206|0
951|0.270895|1
952|0.191293|0
953|0.129287|0
954|0.22355|1
955|0.167276|0
956|0.178073|0
957|0.315473|1
958|0.161122|0
959|0.198175|0
960|0.131941|0
961|0.167069|0
962|0.190409|0
963|0.222167|1
964|0.199323|0
965|0.212708|1
966|0.244709|1
967|0.397722|1
968|0.1621|0
969|0.234877|1
970|0.137962|0
971|0.193177|0
972|0.180821|0
973|0.137111|0
974|0.231101|1
975|0.178869|0
976|0.175547|0
977|0.186094|0
978|0.212531|1
979|0.160177|0
980|0.18394|0
981|0.133899|0
982|0.264839|1
983|0.231259|1
984|0.170424|0
985|0.177067|0
986|0.180236|0
987|0.175656|0
988|0.32445|1
989|0.243683|1
990|0.176424|0
991|0.221011|1
992|0.171259|0
993|0.183106|0
994|0.186731|0
995|0.133725|0
996|0.386217|1
997|0.326963|1
998|0.153608|0
999|0.369332|1
1000|0.382964|1
1001|0.185966|0
1002|0.473416|1
1003|0.188175|0
1004|0.24475|1
1005|0.192283|0
1006|0.229335|1
1007|0.172636|0
1008|0.177786|0
1009|0.172094|0
1010|0.18601|0
1011|0.215014|1
1012|0.180958|0
1013|0.142631|0
1014|0.206251|0
1015|0.217116|1
1016|0.146134|0
1017|0.192419|0
1018|0.259355|1
1019|0.148545|0
1020|0.159612|0
1021|0.181498|0
1022|0.201545|0
1023|0.280062|1
1024|0.191916|0
1025|0.162862|0
1026|0.276077|1
1027|0.192541|0
1028|0.182256|0
1029|0.150487|0
1030|0.187158|0
1031|0.218948|1
1032|0.232571|1
1033|0.18861|0
1034|0.183532|0
1035|0.195432|0
1036|0.386056|1
1037|0.200752|0
1038|0.191654|0
1039|0.196663|0
1040|0.207796|1
1041|0.139447|0
1042|0.241526|1
1043|0.148007|0
1044|0.188127|0
1045|0.162145|0
1046|0.22677|1
1047|0.161979|0
1048|0.191407|0
1049|0.182542|0
1050|0.192678|0
1051|0.186929|0
1052|0.237858|1
1053|0.216953|1
1054|0.13865|0
1055|0.180248|0
1056|0.195798|0
1057|0.216403|1
1058|0.117815|0
1059|0.181623|0
1060|0.165389|0
1061|0.162167|0
1062|0.46802|1
1063|0.200847|0
1064|0.178369|0
1065|0.199753|0
1066|0.163019|0
1067|0.148123|0
1068|0.195578|0
1069|0.177456|0
1070|0.287321|1
1071|0.23127|1
1072|0.373987|1
1073|0.177153|0
1074|0.222289|1
1075|0.153831|0
1076|0.162538|0
1077|0.161425|0
1078|0.225943|1
1079|0.163976|0
1080|0.563991|1
1081|0.233788|1
1082|0.135251|0
1083|0.166269|0
1084|0.178464|0
1085|0.159833|0
1086|0.146579|0
1087|0.439733|1
1088|0.219455|1
1089|0.246452|1
1090|0.14136|0
1091|0.184293|0
1092|0.168256|0
1093|0.209205|1
1094|0.12269|0
1095|0.166125|0
1096|0.215346|1
1097|0.216899|1
1098|0.200788|0
1099|0.192258|0
1100|0.309773|1
1101|0.210678|1
1102|0.169936|0
1103|0.137723|0
1104|0.190966|0
1105|0.13974|0
1106|0.241283|1
1107|0.24639|1
1108|0.294306|1
1109|0.260409|1
1110|0.190573|0
1111|0.243062|1
1112|0.174631|0
1113|0.13337|0
1114|0.267976|1
1115|0.164606|0
1116|0.395078|1
1117|0.210759|1
1118|0.17473|0
1119|0.267864|1
1120|0.211429|1
1121|0.174998|0
1122|0.197254|0
1123|0.188329|0
1124|0.239562|1
1125|0.103124|0
1126|0.269221|1
1127|0.219554|1
1128|0.414887|1
1129|0.148909|0
1130|0.523949|1
1131|0.226328|1
1132|0.187196|0
1133|0.394603|1
1134|0.167491|0
1135|0.221848|1
1136|0.367379|1
1137|0.229904|1
1138|0.185896|0
1139|0.273342|1
1140|0.176447|0
1141|0.183133|0
1142|0.227235|1
1143|0.189424|0
1144|0.469527|1
1145|0.189957|0
1146|0.222227|1
1147|0.50925|1
1148|0.159031|0
1149|0.219924|1
1150|0.154801|0
1151|0.296342|1
1152|0.483182|1
1153|0.171459|0
1154|0.117182|0
1155|0.128428|0
1156|0.27258|1
1157|0.16917|0
1158|0.194278|0
1159|0.154158|0
1160|0.145348|0
1161|0.149277|0
1162|0.161877|0
1163|0.148537|0
1164|0.15857|0
1165|0.262267|1
1166|0.200164|0
1167|0.137035|0
1168|0.221211|1
1169|0.195617|0
1170|0.181485|0
1171|0.150164|0
1172|0.187036|0
1173|0.203084|0
1174|0.266735|1
1175|0.187065|0
1176|0.168999|0
1177|0.158725|0
1178|0.168095|0
1179|0.259773|1
1180|0.166629|0
1181|0.132476|0
1182|0.267661|1
1183|0.252317|1
1184|0.233293|1
1185|0.348751|1
1186|0.348596|1
1187|0.26134|1
1188|0.158874|0
1189|0.227226|1
1190|0.186947|0
1191|0.182985|0
1192|0.184924|0
1193|0.169029|0
1194|0.229842|1
1195|0.202924|0
1196|0.16401|0
1197|0.184839|0
1198|0.199029|0
1199|0.174085|0
1200|0.15435|0
1201|0.19056|0
1202|0.215327|1
1203|0.171043|0
1204|0.203993|0
1205|0.156373|0
1206|0.228279|1
1207|0.173775|0
1208|0.151676|0
1209|0.168778|0
1210|0.181468|0
1211|0.200636|0
1212|0.148463|0
1213|0.143667|0
1214|0.201117|0
1215|0.152467|0
1216|0.271756|1
1217|0.376108|1
1218|0.232066|1
1219|0.18288|0
1220|0.29868|1
1221|0.204336|0
1222|0.23254|1
1223|0.238561|1
1224|0.151589|0
1225|0.188716|0
1226|0.262375|1
1227|0.175608|0
1228|0.234672|1
1229|0.264785|1
1230|0.259217|1
1231|0.184696|0
1232|0.209017|1
1233|0.210047|1
1234|0.275306|1
1235|0.20105|0
1236|0.209248|1
1237|0.144237|0
1238|0.200425|0
1239|0.479312|1
1240|0.197838|0
1241|0.159721|0
1242|0.31922|1
1243|0.25303|1
1244|0.176434|0
1245|0.178551|0
1246|0.271659|1
1247|0.157265|0
1248|0.270812|1
1249|0.224651|1
1250|0.242813|1
1251|0.258412|1
1252|0.297699|1
1253|0.236015|1
1254|0.185486|0
1255|0.340222|1
1256|0.20294|0
1257|0.152395|0
1258|0.201943|0
1259|0.163609|0
1260|0.171888|0
1261|0.195201|0
1262|0.137875|0
1263|0.204409|0
1264|0.22307|1
1265|0.19027|0
1266|0.222479|1
1267|0.185939|0
1268|0.512983|1
1269|0.450809|1
1270|0.210193|1
1271|0.266414|1
1272|0.228841|1
1273|0.19823|0
1274|0.224048|1
1275|0.209459|1
1276|0.188955|0
1277|0.1222|0
1278|0.164788|0
1279|0.213651|1
1280|0.194325|0
1281|0.129851|0
1282|0.196168|0
1283|0.246037|1
1284|0.237527|1
1285|0.143061|0
1286|0.136592|0
1287|0.216828|1
1288|0.214518|1
1289|0.163562|0
1290|0.202673|0
1291|0.19956|0
1292|0.173608|0
1293|0.264374|1
1294|0.142215|0
1295|0.151832|0
1296|0.154071|0
1297|0.15743|0
1298|0.188322|0
1299|0.163212|0
1300|0.131932|0
1301|0.252284|1
1302|0.191417|0
1303|0.193805|0
1304|0.158651|0
1305|0.300992|1
1306|0.162472|0
1307|0.199747|0
1308|0.195678|0
1309|0.226548|1
1310|0.251065|1
1311|0.182223|0
1312|0.409411|1
1313|0.535084|1
1314|0.210569|1
1315|0.433911|1
1316|0.160112|0
1317|0.220521|1
1318|0.223013|1
1319|0.227122|1
1320|0.486112|1
1321|0.382701|1
1322|0.419067|1
1323|0.128383|0
1324|0.149077|0
1325|0.237946|1
1326|0.225195|1
1327|0.190576|0
1328|0.140222|0
1329|0.161111|0
1330|0.221923|1
1331|0.18729|0
1332|0.147958|0
1333|0.265857|1
1334|0.349919|1
1335|0.252661|1
1336|0.271032|1
1337|0.229347|1
1338|0.184651|0
1339|0.158326|0
1340|0.256877|1
1341|0.209699|1
1342|0.175116|0
1343|0.1647|0
1344|0.245427|1
1345|0.23189|1
1346|0.199953|0
1347|0.205628|0
1348|0.169885|0
1349|0.223681|1
1350|0.15627|0
1351|0.180238|0
1352|0.295826|1
1353|0.170108|0
1354|0.2267|1
1355|0.449738|1
1356|0.223494|1
1357|0.147195|0
1358|0.203532|0
1359|0.264386|1
1360|0.193155|0
1361|0.350316|1
1362|0.205308|0
1363|0.240024|1
1364|0.183278|0
1365|0.154989|0
1366|0.163567|0
1367|0.150142|0
1368|0.210716|1
1369|0.198531|0
1370|0.114736|0
1371|0.185183|0
1372|0.171411|0
1373|0.160463|0
1374|0.20892|1
1375|0.335688|1
1376|0.200566|0
1377|0.185921|0
1378|0.151094|0
1379|0.168248|0
1380|0.170422|0
1381|0.18181|0
1382|0.161754|0
1383|0.215576|1
1384|0.146978|0
1385|0.315212|1
1386|0.178456|0
1387|0.231865|1
1388|0.16724|0
1389|0.424418|1
1390|0.211616|1
1391|0.372083|1
1392|0.187577|0
1393|0.132501|0
1394|0.177978|0
1395|0.206751|0
1396|0.1832|0
1397|0.184473|0
1398|0.237771|1
1399|0.22963|1
1400|0.428938|1
1401|0.194203|0
1402|0.163393|0
1403|0.289216|1
1404|0.15981|0
1405|0.207557|1
1406|0.152644|0
1407|0.220796|1
1408|0.172123|0
1409|0.140944|0
1410|0.58951|1
1411|0.140127|0
1412|0.200949|0
1413|0.196018|0
1414|0.388554|1
1415|0.240968|1
1416|0.131789|0
1417|0.223679|1
1418|0.21391|1
1419|0.166561|0
1420|0.161039|0
1421|0.19801|0
1422|0.157319|0
1423|0.271183|1
1424|0.219669|1
1425|0.128834|0
1426|0.16796|0
1427|0.167661|0
1428|0.188255|0
1429|0.181226|0
1430|0.152086|0
1431|0.155962|0
1432|0.397063|1
1433|0.218137|1
1434|0.212649|1
1435|0.221902|1
1436|0.292381|1
1437|0.160426|0
1438|0.198906|0
1439|0.168106|0
1440|0.176758|0
1441|0.322024|1
1442|0.226191|1
1443|0.157651|0
1444|0.194167|0
1445|0.220665|1
1446|0.20935|1
1447|0.194912|0
1448|0.149993|0
1449|0.289974|1
1450|0.173872|0
1451|0.202796|0
1452|0.189575|0
1453|0.236756|1
1454|0.266914|1
1455|0.142568|0
1456|0.151213|0
1457|0.207991|1
1458|0.180786|0
1459|0.157|0
1460|0.132782|0
1461|0.166646|0
1462|0.232278|1
1463|0.166071|0
1464|0.186958|0
1465|0.143455|0
1466|0.177784|0
1467|0.163344|0
1468|0.211285|1
1469|0.191659|0
1470|0.212676|1
1471|0.21404|1
1472|0.328802|1
1473|0.151513|0
1474|0.205277|0
1475|0.174367|0
1476|0.176969|0
1477|0.157282|0
1478|0.331036|1
1479|0.288034|1
1480|0.21938|1
1481|0.242178|1
1482|0.210651|1
1483|0.222013|1
1484|0.211267|1
1485|0.188755|0
1486|0.172561|0
1487|0.164215|0
1488|0.219525|1
1489|0.267779|1
1490|0.137133|0
1491|0.261085|1
1492|0.188971|0
1493|0.164239|0
1494|0.211202|1
1495|0.214741|1
1496|0.146492|0
1497|0.22917|1
1498|0.163185|0
1499|0.204494|0
1500|0.212749|1
1501|0.229457|1
1502|0.118932|0
1503|0.182826|0
1504|0.170763|0
1505|0.246574|1
1506|0.182331|0
1507|0.318579|1
1508|0.167935|0
1509|0.15566|0
1510|0.192414|0
1511|0.459015|1
1512|0.220646|1
1513|0.198662|0
1514|0.192041|0
1515|0.22323|1
1516|0.224144|1
1517|0.16463|0
1518|0.22143|1
1519|0.166761|0
1520|0.210222|1
1521|0.144054|0
1522|0.265298|1
1523|0.252768|1
1524|0.375045|1
1525|0.181322|0
1526|0.254483|1
1527|0.215482|1
1528|0.236486|1
1529|0.216284|1
1530|0.4737|1
1531|0.191752|0
1532|0.157358|0
1533|0.171118|0
1534|0.210517|1
1535|0.243578|1
1536|0.186747|0
1537|0.191695|0
1538|0.384042|1
1539|0.43623|1
1540|0.256261|1
1541|0.197989|0
1542|0.232816|1
1543|0.174218|0
1544|0.214799|1
1545|0.227105|1
1546|0.226221|1
1547|0.189382|0
1548|0.167492|0
1549|0.163412|0
1550|0.249062|1
1551|0.297461|1
1552|0.257189|1
1553|0.287893|1
1554|0.203569|0
1555|0.142721|0
1556|0.281761|1
1557|0.190009|0
1558|0.450214|1
1559|0.233441|1
1560|0.235698|1
1561|0.248449|1
1562|0.169223|0
1563|0.11936|0
1564|0.15996|0
1565|0.430418|1
1566|0.188174|0
1567|0.205214|0
1568|0.207793|1
1569|0.266257|1
1570|0.216055|1
1571|0.224992|1
1572|0.227136|1
1573|0.211118|1
1574|0.199838|0
1575|0.18411|0
1576|0.447881|1
1577|0.258743|1
1578|0.186703|0
1579|0.21897|1
1580|0.196378|0
1581|0.410281|1
1582|0.509826|1
1583|0.172045|0
1584|0.24556|1
1585|0.388602|1
1586|0.182469|0
1587|0.230172|1
1588|0.417363|1
1589|0.188977|0
1590|0.323295|1
1591|0.155673|0
1592|0.217024|1
1593|0.195947|0
1594|0.564597|1
1595|0.234146|1
1596|0.165753|0
1597|0.265863|1
1598|0.17691|0
1599|0.209046|1
1600|0.393717|1
1601|0.157354|0
1602|0.221333|1
1603|0.15184|0
1604|0.129684|0
1605|0.164121|0
1606|0.267357|1
1607|0.209766|1
1608|0.217149|1
1609|0.278439|1
1610|0.169893|0
1611|0.182499|0
1612|0.219294|1
1613|0.16442|0
1614|0.218984|1
1615|0.160538|0
1616|0.177035|0
1617|0.138345|0
1618|0.188498|0
1619|0.269718|1
1620|0.231265|1
1621|0.188185|0
1622|0.151627|0
1623|0.187618|0
1624|0.168867|0
1625|0.212625|1
1626|0.177676|0
1627|0.190193|0
1628|0.17432|0
1629|0.192738|0
1630|0.185859|0
1631|0.26221|1
1632|0.285371|1
1633|0.171368|0
1634|0.133653|0
1635|0.23143|1
1636|0.178088|0
1637|0.391438|1
1638|0.173911|0
1639|0.184587|0
1640|0.16717|0
1641|0.154113|0
1642|0.262936|1
1643|0.158117|0
1644|0.170697|0
1645|0.168862|0
1646|0.221806|1
1647|0.200294|0
1648|0.145862|0
1649|0.187041|0
1650|0.122582|0
1651|0.152652|0
1652|0.261198|1
1653|0.486372|1
1654|0.208031|1
1655|0.126374|0
1656|0.227169|1
1657|0.214452|1
1658|0.138461|0
1659|0.124222|0
1660|0.238813|1
1661|0.388742|1
1662|0.27557|1
1663|0.18536|0
1664|0.232485|1
1665|0.286704|1
1666|0.248944|1
1667|0.182169|0
1668|0.193424|0
1669|0.192985|0
1670|0.145902|0
1671|0.15683|0
1672|0.193467|0
1673|0.21678|1
1674|0.118308|0
1675|0.515164|1
1676|0.209986|1
1677|0.145255|0
1678|0.256818|1
1679|0.145317|0
1680|0.1486|0
1681|0.16334|0
1682|0.307943|1
1683|0.221356|1
1684|0.270885|1
1685|0.219281|1
1686|0.160222|0
1687|0.246134|1
1688|0.485952|1
1689|0.155864|0
1690|0.51223|1
1691|0.19805|0
1692|0.134964|0
1693|0.220006|1
1694|0.216094|1
1695|0.210969|1
1696|0.259881|1
1697|0.208842|1
1698|0.129094|0
1699|0.168398|0
1700|0.179977|0
1701|0.183294|0
1702|0.223513|1
1703|0.16754|0
1704|0.179368|0
1705|0.468432|1
1706|0.166597|0
1707|0.194609|0
1708|0.184608|0
1709|0.154794|0
1710|0.175576|0
1711|0.238285|1
1712|0.310059|1
1713|0.177673|0
1714|0.135906|0
1715|0.200994|0
1716|0.235172|1
1717|0.294021|1
1718|0.172718|0
1719|0.192686|0
1720|0.238369|1
1721|0.171138|0
1722|0.216017|1
1723|0.181143|0
1724|0.211629|1
1725|0.16805|0
1726|0.180508|0
1727|0.190637|0
1728|0.281332|1
1729|0.169094|0
1730|0.164925|0
1731|0.189878|0
1732|0.212352|1
1733|0.146135|0
1734|0.194498|0
1735|0.181181|0
1736|0.212804|1
1737|0.16726|0
1738|0.212048|1
1739|0.227943|1
1740|0.196454|0
1741|0.505316|1
1742|0.20071|0
1743|0.212615|1
1744|0.214794|1
1745|0.211644|1
1746|0.186035|0
1747|0.203465|0
1748|0.153679|0
1749|0.146091|0
1750|0.218596|1
1751|0.224236|1
1752|0.195594|0
1753|0.219516|1
1754|0.236399|1
1755|0.18562|0
1756|0.174353|0
1757|0.176873|0
1758|0.191081|0
1759|0.139354|0
1760|0.12686|0
1761|0.145924|0
1762|0.152822|0
1763|0.18791|0
1764|0.166061|0
1765|0.239144|1
1766|0.208548|1
1767|0.137963|0
1768|0.183353|0
1769|0.521688|1
1770|0.189264|0
1771|0.223921|1
1772|0.212655|1
1773|0.155927|0
1774|0.517699|1
1775|0.119087|0
1776|0.256697|1
1777|0.1656|0
1778|0.190006|0
1779|0.161397|0
1780|0.460362|1
1781|0.158574|0
1782|0.217859|1
1783|0.212588|1
1784|0.233472|1
1785|0.279861|1
1786|0.231825|1
1787|0.148774|0
1788|0.146692|0
1789|0.201148|0
1790|0.237374|1
1791|0.246532|1
1792|0.275186|1
1793|0.211209|1
1794|0.193037|0
1795|0.157392|0
1796|0.197296|0
1797|0.17335|0
1798|0.183544|0
1799|0.250068|1
1800|0.165547|0
1801|0.177662|0
1802|0.178587|0
1803|0.327926|1
1804|0.183683|0
1805|0.196478|0
1806|0.170796|0
1807|0.390463|1
1808|0.290374|1
1809|0.153859|0
1810|0.196808|0
1811|0.184721|0
1812|0.153867|0
1813|0.176648|0
1814|0.24496|1
1815|0.177318|0
1816|0.261894|1
1817|0.184565|0
1818|0.182506|0
1819|0.22059|1
1820|0.144233|0
1821|0.248209|1
1822|0.231945|1
1823|0.50507|1
1824|0.164041|0
1825|0.146511|0
1826|0.16511|0
1827|0.184276|0
1828|0.254787|1
1829|0.227058|1
1830|0.18801|0
1831|0.13623|0
1832|0.174613|0
1833|0.336147|1
1834|0.220375|1
1835|0.163375|0
1836|0.221565|1
1837|0.273225|1
1838|0.18973|0
1839|0.42224|1
1840|0.201055|0
1841|0.21301|1
1842|0.240637|1
1843|0.224532|1
1844|0.143872|0
1845|0.207181|1
1846|0.190246|0
1847|0.140578|0
1848|0.187112|0
1849|0.247269|1
1850|0.176345|0
1851|0.192393|0
1852|0.17521|0
1853|0.14712|0
1854|0.15331|0
1855|0.144329|0
1856|0.372089|1
1857|0.183483|0
1858|0.187245|0
1859|0.300406|1
1860|0.212446|1
1861|0.232983|1
1862|0.173801|0
1863|0.254923|1
1864|0.125675|0
1865|0.172431|0
1866|0.452169|1
1867|0.176129|0
1868|0.185442|0
1869|0.189698|0
1870|0.198759|0
1871|0.190873|0
1872|0.207621|1
1873|0.191217|0
1874|0.24027|1
1875|0.293424|1
1876|0.197557|0
1877|0.176912|0
1878|0.171206|0
1879|0.221119|1
1880|0.132091|0
1881|0.178779|0
1882|0.248082|1
1883|0.181032|0
1884|0.216326|1
1885|0.28427|1
1886|0.232181|1
1887|0.244973|1
1888|0.279488|1
1889|0.205082|0
1890|0.267503|1
1891|0.181469|0
1892|0.45946|1
1893|0.18484|0
1894|0.217316|1
1895|0.384364|1
1896|0.167532|0
1897|0.147564|0
1898|0.195935|0
1899|0.177248|0
1900|0.194251|0
1901|0.197509|0
1902|0.157319|0
1903|0.371678|1
1904|0.313055|1
1905|0.167545|0
1906|0.215244|1
1907|0.605609|1
1908|0.151498|0
1909|0.161714|0
1910|0.187558|0
1911|0.273123|1
1912|0.143931|0
1913|0.212396|1
1914|0.428002|1
1915|0.210275|1
1916|0.250087|1
1917|0.218571|1
1918|0.138964|0
1919|0.227495|1
1920|0.22375|1
1921|0.216256|1
1922|0.290948|1
1923|0.24893|1
1924|0.279689|1
1925|0.414737|1
1926|0.143176|0
1927|0.187051|0
1928|0.143533|0
1929|0.21613|1
1930|0.241179|1
1931|0.256505|1
1932|0.462|1
1933|0.135415|0
1934|0.196944|0
1935|0.331379|1
1936|0.170964|0
1937|0.185196|0
1938|0.159604|0
1939|0.464158|1
1940|0.14336|0
1941|0.508019|1
1942|0.328665|1
1943|0.584314|1
1944|0.195315|0
1945|0.255057|1
1946|0.171724|0
1947|0.219406|1
1948|0.227389|1
1949|0.149075|0
1950|0.286336|1
1951|0.216111|1
1952|0.199294|0
1953|0.243962|1
1954|0.195535|0
1955|0.178892|0
1956|0.184073|0
1957|0.158081|0
1958|0.196463|0
1959|0.291483|1
1960|0.150665|0
1961|0.16294|0
1962|0.235452|1
1963|0.184718|0
1964|0.190133|0
1965|0.1767|0
1966|0.195102|0
1967|0.256276|1
1968|0.175934|0
1969|0.147751|0
1970|0.181599|0
1971|0.159384|0
1972|0.146934|0
1973|0.253085|1
1974|0.200287|0
1975|0.150723|0
1976|0.184788|0
1977|0.175624|0
1978|0.182439|0
1979|0.224313|1
1980|0.139831|0
1981|0.215022|1
1982|0.1306|0
1983|0.174394|0
1984|0.180239|0
1985|0.273227|1
1986|0.200491|0
1987|0.204385|0
1988|0.185419|0
1989|0.166768|0
1990|0.301762|1
1991|0.160847|0
1992|0.178361|0
1993|0.171649|0
1994|0.272184|1
1995|0.396319|1
1996|0.153515|0
1997|0.245873|1
1998|0.189776|0
1999|0.162767|0
2000|0.192894|0
2001|0.151392|0
2002|0.228891|1
2003|0.141229|0
2004|0.203614|0
2005|0.146578|0
2006|0.195567|0
2007|0.240226|1
2008|0.207508|1
2009|0.163887|0
2010|0.228533|1
2011|0.224526|1
2012|0.454503|1
2013|0.15827|0
2014|0.201265|0
2015|0.182417|0
2016|0.252191|1
2017|0.333584|1
2018|0.279736|1
2019|0.176948|0
2020|0.352323|1
2021|0.157905|0
2022|0.156667|0
2023|0.198006|0
2024|0.233008|1
2025|0.181029|0
2026|0.147126|0
2027|0.167334|0
2028|0.1762|0
2029|0.129217|0
2030|0.179559|0
2031|0.164133|0
2032|0.245309|1
2033|0.149399|0
2034|0.216604|1
2035|0.19283|0
2036|0.169215|0
2037|0.128945|0
2038|0.155725|0
2039|0.139344|0
2040|0.193933|0
2041|0.19557|0
2042|0.170192|0
2043|0.515631|1
2044|0.186879|0
2045|0.215655|1
2046|0.132748|0
2047|0.17718|0
2048|0.161868|0
2049|0.239519|1
2050|0.196345|0
2051|0.219937|1
2052|0.203665|0
2053|0.180216|0
2054|0.197544|0
2055|0.174779|0
2056|0.176947|0
2057|0.157883|0
2058|0.182346|0
2059|0.218408|1
2060|0.213354|1
2061|0.176117|0
2062|0.206595|0
2063|0.148992|0
2064|0.153454|0
2065|0.187145|0
2066|0.219429|1
2067|0.18547|0
2068|0.164706|0
2069|0.18357|0
2070|0.199929|0
2071|0.280425|1
2072|0.199833|0
2073|0.193887|0
2074|0.207944|1
2075|0.211697|1
2076|0.212311|1
2077|0.16879|0
2078|0.130399|0
2079|0.200951|0
2080|0.21134|1
2081|0.168057|0
2082|0.136791|0
2083|0.165569|0
2084|0.182377|0
2085|0.222628|1
2086|0.204339|0
2087|0.142501|0
2088|0.161034|0
2089|0.143218|0
2090|0.195404|0
2091|0.212425|1
2092|0.168917|0
2093|0.196141|0
2094|0.220521|1
2095|0.166509|0
2096|0.264732|1
2097|0.196336|0
2098|0.212637|1
2099|0.166821|0
2100|0.534546|1
2101|0.269324|1
2102|0.205386|0
2103|0.259258|1
2104|0.389005|1
2105|0.177364|0
2106|0.215569|1
2107|0.14298|0
2108|0.214963|1
2109|0.174736|0
2110|0.225896|1
2111|0.145543|0
2112|0.157342|0
2113|0.205306|0
2114|0.19434|0
2115|0.20702|1
2116|0.248877|1
2117|0.168117|0
2118|0.247459|1
2119|0.179639|0
2120|0.137408|0
2121|0.379835|1
2122|0.176994|0
2123|0.2316|1
2124|0.18342|0
2125|0.383853|1
2126|0.208953|1
2127|0.203435|0
2128|0.121342|0
2129|0.157898|0
2130|0.174313|0
2131|0.180001|0
2132|0.130212|0
2133|0.186821|0
2134|0.152761|0
2135|0.250303|1
2136|0.280976|1
2137|0.229545|1
2138|0.204337|0
2139|0.169934|0
2140|0.173082|0
2141|0.441246|1
2142|0.449388|1
2143|0.181889|0
2144|0.175723|0
2145|0.210727|1
2146|0.177024|0
2147|0.245681|1
2148|0.159931|0
2149|0.464117|1
2150|0.364918|1
2151|0.141178|0
2152|0.190222|0
2153|0.198846|0
2154|0.26913|1
2155|0.117267|0
2156|0.192117|0
2157|0.183632|0
2158|0.163407|0
2159|0.207871|1
2160|0.113327|0
2161|0.235521|1
2162|0.371676|1
2163|0.211995|1
2164|0.197579|0
2165|0.188363|0
2166|0.264799|1
2167|0.186628|0
2168|0.218896|1
2169|0.214655|1
2170|0.305807|1
2171|0.13606|0
2172|0.170474|0
2173|0.228455|1
2174|0.256443|1
2175|0.20448|0
2176|0.203751|0
2177|0.184125|0
2178|0.299466|1
2179|0.167658|0
2180|0.233481|1
2181|0.246201|1
2182|0.132505|0
2183|0.182984|0
2184|0.18187|0
2185|0.200147|0
2186|0.215485|1
2187|0.169136|0
2188|0.23411|1
2189|0.188062|0
2190|0.1641|0
2191|0.203687|0
2192|0.245168|1
2193|0.222482|1
2194|0.173537|0
2195|0.176338|0
2196|0.125046|0
2197|0.192372|0
2198|0.161099|0
2199|0.279612|1
2200|0.20622|0
2201|0.163429|0
2202|0.188024|0
2203|0.205065|0
2204|0.145757|0
2205|0.334778|1
2206|0.208628|1
2207|0.20522|0
2208|0.232669|1
2209|0.444518|1
2210|0.12787|0
2211|0.131402|0
2212|0.264165|1
2213|0.204648|0
2214|0.246982|1
2215|0.410864|1
2216|0.25349|1
2217|0.149598|0
2218|0.205613|0
2219|0.131807|0
2220|0.234748|1
2221|0.161312|0
2222|0.258995|1
2223|0.265354|1
2224|0.159287|0
2225|0.160917|0
2226|0.174505|0
2227|0.189778|0
2228|0.182696|0
2229|0.24911|1
2230|0.139835|0
2231|0.210606|1
2232|0.182821|0
2233|0.589696|1
2234|0.168456|0
2235|0.247511|1
2236|0.164619|0
2237|0.163469|0
2238|0.178982|0
2239|0.181722|0
2240|0.119902|0
2241|0.26537|1
2242|0.55069|1
2243|0.217611|1
2244|0.118924|0
2245|0.241782|1
2246|0.234771|1
2247|0.198244|0
2248|0.21929|1
2249|0.215159|1
2250|0.200873|0
2251|0.147145|0
2252|0.25676|1
2253|0.193375|0
2254|0.159487|0
2255|0.209634|1
2256|0.14395|0
2257|0.202391|0
2258|0.187427|0
2259|0.207729|1
2260|0.151643|0
2261|0.203808|0
2262|0.221857|1
2263|0.228236|1
2264|0.309613|1
2265|0.512003|1
2266|0.167555|0
2267|0.259923|1
2268|0.280016|1
2269|0.152743|0
2270|0.221136|1
2271|0.294075|1
2272|0.147245|0
2273|0.178484|0
2274|0.160947|0
2275|0.167383|0
2276|0.142933|0
2277|0.206922|0
2278|0.148943|0
2279|0.170832|0
2280|0.300365|1
2281|0.259957|1
2282|0.19325|0
2283|0.150673|0
2284|0.159155|0
2285|0.155168|0
2286|0.160216|0
2287|0.158139|0
2288|0.189899|0
2289|0.214997|1
2290|0.163108|0
2291|0.264104|1
2292|0.272556|1
2293|0.17522|0
2294|0.154413|0
2295|0.254737|1
2296|0.173845|0
2297|0.151364|0
2298|0.31621|1
2299|0.202935|0
2300|0.19146|0
2301|0.209526|1
2302|0.184976|0
2303|0.24815|1
2304|0.232863|1
2305|0.178489|0
2306|0.17914|0
2307|0.149424|0
2308|0.145551|0
2309|0.228836|1
2310|0.267081|1
2311|0.230197|1
2312|0.271326|1
2313|0.15104|0
2314|0.409781|1
2315|0.126099|0
2316|0.215165|1
2317|0.167295|0
2318|0.271936|1
2319|0.241139|1
2320|0.191241|0
2321|0.111034|0
2322|0.180612|0
2323|0.285299|1
2324|0.270204|1
2325|0.219809|1
2326|0.217705|1
2327|0.189991|0
2328|0.179813|0
2329|0.229072|1
2330|0.261833|1
2331|0.2335|1
2332|0.254948|1
2333|0.346372|1
2334|0.165299|0
2335|0.162204|0
2336|0.175575|0
2337|0.161172|0
2338|0.229217|1
2339|0.160445|0
2340|0.160864|0
2341|0.229718|1
2342|0.18373|0
2343|0.106513|0
2344|0.201801|0
2345|0.301571|1
2346|0.219451|1
2347|0.183535|0
2348|0.227479|1
2349|0.17954|0
2350|0.182585|0
2351|0.215921|1
2352|0.191368|0
2353|0.15395|0
2354|0.283156|1
2355|0.16287|0
2356|0.183831|0
2357|0.324739|1
2358|0.176937|0
2359|0.232826|1
2360|0.286788|1
2361|0.240597|1
2362|0.152652|0
2363|0.15178|0
2364|0.174954|0
2365|0.145021|0
2366|0.171322|0
2367|0.189428|0
2368|0.20368|0
2369|0.20879|1
2370|0.206984|0
2371|0.251255|1
2372|0.209126|1
2373|0.219157|1
2374|0.175139|0
2375|0.241335|1
2376|0.190273|0
2377|0.249328|1
2378|0.169493|0
2379|0.181102|0
2380|0.153735|0
2381|0.33317|1
2382|0.215139|1
2383|0.204228|0
2384|0.140629|0
2385|0.200095|0
2386|0.183233|0
2387|0.146292|0
2388|0.167768|0
2389|0.161993|0
2390|0.161276|0
2391|0.158323|0
2392|0.11763|0
2393|0.170571|0
2394|0.13216|0
2395|0.202735|0
2396|0.158777|0
2397|0.436095|1
2398|0.210112|1
2399|0.262757|1
2400|0.192068|0
2401|0.231052|1
2402|0.397279|1
2403|0.220208|1
2404|0.184976|0
2405|0.186327|0
2406|0.224545|1
2407|0.157834|0
2408|0.241546|1
2409|0.379915|1
2410|0.180053|0
2411|0.139591|0
2412|0.21148|1
2413|0.16989|0
2414|0.163105|0
2415|0.256901|1
2416|0.472014|1
2417|0.23059|1
2418|0.219447|1
2419|0.188959|0
2420|0.20754|1
2421|0.152952|0
2422|0.263127|1
2423|0.180629|0
2424|0.139326|0
2425|0.144796|0
2426|0.196962|0
2427|0.189308|0
2428|0.142738|0
2429|0.203498|0
2430|0.121847|0
2431|0.191198|0
2432|0.257643|1
2433|0.213515|1
2434|0.18096|0
2435|0.27454|1
2436|0.183525|0
2437|0.199096|0
2438|0.202315|0
2439|0.217809|1
2440|0.156581|0
2441|0.165024|0
2442|0.206878|0
2443|0.144379|0
2444|0.149927|0
2445|0.515827|1
2446|0.210575|1
2447|0.212133|1
2448|0.186314|0
2449|0.211634|1
2450|0.261842|1
2451|0.214955|1
2452|0.175101|0
2453|0.202339|0
2454|0.217724|1
2455|0.225819|1
2456|0.20465|0
2457|0.172591|0
2458|0.167279|0
2459|0.226849|1
2460|0.283003|1
2461|0.388562|1
2462|0.148794|0
2463|0.206953|0
2464|0.157484|0
2465|0.256992|1
2466|0.191304|0
2467|0.224447|1
2468|0.22396|1
2469|0.182847|0
2470|0.187983|0
2471|0.195612|0
2472|0.476078|1
2473|0.217272|1
2474|0.132305|0
2475|0.223324|1
2476|0.163892|0
2477|0.248524|1
2478|0.216849|1
2479|0.161491|0
2480|0.176604|0
2481|0.213817|1
2482|0.223498|1
2483|0.190523|0
2484|0.185196|0
2485|0.104677|0
2486|0.134041|0
2487|0.178763|0
2488|0.220185|1
2489|0.1548|0
2490|0.203917|0
2491|0.258212|1
2492|0.217969|1
2493|0.18481|0
2494|0.188821|0
2495|0.192424|0
2496|0.171225|0
2497|0.177637|0
2498|0.193931|0
2499|0.190803|0
2500|0.192088|0
2501|0.140267|0
2502|0.168268|0
2503|0.543382|1
2504|0.253329|1
2505|0.156901|0
2506|0.212785|1
2507|0.182588|0
2508|0.18928|0
2509|0.396568|1
2510|0.20264|0
2511|0.196792|0
2512|0.168412|0
2513|0.172378|0
2514|0.163636|0
2515|0.19934|0
2516|0.15524|0
2517|0.206292|0
2518|0.178542|0
2519|0.170828|0
2520|0.194685|0
2521|0.180737|0
2522|0.198398|0
2523|0.190749|0
2524|0.356203|1
2525|0.301547|1
2526|0.233027|1
2527|0.129763|0
2528|0.345754|1
2529|0.219591|1
2530|0.252217|1
2531|0.198559|0
2532|0.0952126|0
2533|0.180505|0
2534|0.158044|0
2535|0.152786|0
2536|0.183299|0
2537|0.207459|1
2538|0.165449|0
2539|0.497447|1
2540|0.422203|1
2541|0.157326|0
2542|0.218195|1
2543|0.116103|0
2544|0.214302|1
2545|0.205129|0
2546|0.446615|1
2547|0.148085|0
2548|0.130216|0
2549|0.161421|0
2550|0.137526|0
2551|0.304837|1
2552|0.173739|0
2553|0.182917|0
2554|0.254711|1
2555|0.250861|1
2556|0.260544|1
2557|0.268661|1
2558|0.166342|0
2559|0.378492|1
2560|0.162368|0
2561|0.23392|1
2562|0.204139|0
2563|0.206013|0
2564|0.127405|0
2565|0.139897|0
2566|0.218234|1
2567|0.19104|0
2568|0.207459|1
2569|0.171387|0
2570|0.185749|0
2571|0.255449|1
2572|0.144271|0
2573|0.489266|1
2574|0.152505|0
2575|0.214031|1
2576|0.204388|0
2577|0.141276|0
2578|0.175061|0
2579|0.210207|1
2580|0.195692|0
2581|0.183774|0
2582|0.384298|1
2583|0.324124|1
2584|0.138593|0
2585|0.254215|1
2586|0.19545|0
2587|0.19564|0
2588|0.168267|0
2589|0.381137|1
2590|0.159733|0
2591|0.176721|0
2592|0.156157|0
2593|0.170064|0
2594|0.46564|1
2595|0.259545|1
2596|0.154494|0
2597|0.174818|0
2598|0.212197|1
2599|0.263351|1
2600|0.271603|1
2601|0.181518|0
2602|0.196566|0
2603|0.1953|0
2604|0.266344|1
2605|0.25906|1
2606|0.171148|0
2607|0.157546|0
2608|0.309369|1
2609|0.174791|0
2610|0.372093|1
2611|0.124372|0
2612|0.367422|1
2613|0.195191|0
2614|0.169193|0
2615|0.209399|1
2616|0.199351|0
2617|0.173536|0
2618|0.216732|1
2619|0.184285|0
2620|0.238934|1
2621|0.184198|0
2622|0.150084|0
2623|0.223548|1
2624|0.186046|0
2625|0.174156|0
2626|0.24772|1
2627|0.170014|0
2628|0.188777|0
2629|0.162492|0
2630|0.358636|1
2631|0.199646|0
2632|0.201621|0
2633|0.169369|0
2634|0.184205|0
2635|0.188241|0
2636|0.180629|0
2637|0.166544|0
2638|0.271696|1
2639|0.17977|0
2640|0.1885|0
2641|0.211478|1
2642|0.213034|1
2643|0.262072|1
2644|0.271048|1
2645|0.192985|0
2646|0.188322|0
2647|0.173489|0
2648|0.180081|0
2649|0.499468|1
2650|0.321966|1
2651|0.192875|0
2652|0.134286|0
2653|0.143359|0
2654|0.29551|1
2655|0.231472|1
2656|0.209642|1
2657|0.534624|1
2658|0.254254|1
2659|0.178685|0
2660|0.175682|0
2661|0.156057|0
2662|0.232743|1
2663|0.190985|0
2664|0.231388|1
2665|0.263984|1
2666|0.144091|0
2667|0.197672|0
2668|0.235087|1
2669|0.216685|1
2670|0.137976|0
2671|0.174714|0
2672|0.197514|0
2673|0.166102|0
2674|0.208487|1
2675|0.122965|0
2676|0.476454|1
2677|0.171525|0
2678|0.262475|1
2679|0.194526|0
2680|0.175907|0
2681|0.18652|0
2682|0.288476|1
2683|0.230681|1
2684|0.168002|0
2685|0.131079|0
2686|0.268874|1
